    1
    1
    1
    1
    1
    1
    1
    1
    1
    1
    1
    1
    1
    1
    1
    1
    1
    1
    1
    1
    1
    1
    1
    1
    1
    1
    1
    1
    1
    1
    1
    1
    1
    1
    1
    1
    1
    1
    1
    1
    1
    1
    1
    1
    1
    1
    1
    1
    1
    1
    1
    1
    1
    1
    1
    1
    1
    1
    1
    1
    1
    1
    1
    1
    1
    1
    1
    1
    1
    1
    1
    1
    1
    1
    1
    1
    1
    1
    1
   51
    1
    1
    1
    1
  160
    1
    1
    1
    1
  254
    1
    1
    1
    1
  160
    1
    1
    1
    1
   52
    1
    1
    1
    1
    1
    1
    1
    1
    1
    1
    1
    1
    1
    1
    1
    1
    1
    1
    1
    1
    1
    1
    1
    1
    1
    1
    1
    1
    1
    1
    1
    1
    1
    1
    1
    1
    1
    1
    1
    1
    1
    1
    1
    1
    1
    1
    1
    1
    1
    1
    1
    1
    1
    1
    1
    1
    1
    1
    1
    1
    1
    1
    1
    1
    1
    1
    1
    1
    1
    1
    1
    1
    1
    1
    1
    1
    1
    1
    1
    1
    1
    1
    1
    1
    1
    1
    1
    1
    1
    1
    1
    1
    1
    1
    1
    1
    1
    1
    1
    1
   49
  228
  253
  253
  191
    1
   55
  225
  253
  254
    1
    1
   61
  253
  254
    1
    1
   11
  164
  239
    1
    1
    1
    1
   52
  238
  253
  253
  190
   80
  253
  234
   85
   97
   48
  253
  240
  203
  253
  229
  253
  253
  253
  253
  254
  239
  254
  254
  254
  115
    1
    1
    1
    1
    1
    1
    1
    1
    1
    1
    1
    1
    1
    1
    1
    1
    7
  123
  168
  169
    1
   58
  254
  254
  256
    1
    1
    1
    1
    1
    1
    1
    1
    1
    1
    1
    1
    1
    1
    1
    1
    1
    1
    1
    1
    1
    1
    1
    1
    1
    1
    1
    1
    1
    1
    1
    1
    1
    1
    1
    1
    1
    1
    1
    1
    1
    1
    1
    1
    1
    1
    1
    1
    1
    1
   49
  166
  253
  253
  191
    1
   39
  179
  253
  254
    1
    1
    8
   58
  199
    1
    1
    1
    1
    1
    1
    1
    1
    1
    1
   13
    1
    1
    1
    1
  180
   85
   29
    1
    1
  253
  209
   20
    1
    1
  253
  234
   72
    1
    1
  239
  254
  241
   64
    1
    1
    1
    1
    1
    1
    1
    1
    1
    1
    1
   22
    1
    1
    1
    1
  122
    1
    1
    1
    1
   76
    1
    1
    1
    1
    1
    1
    1
    1
    1
    1
    1
    1
    1
    1
   51
  166
  196
  196
  197
  244
  253
  253
  253
  254
  254
  254
  254
  254
  256
    1
    1
    1
    1
    1
    1
    1
    1
    1
    1
    1
    1
    1
    1
    1
    1
    1
    1
    1
    1
    1
    1
    1
    1
    1
    1
    1
    1
    1
    1
    1
    1
    1
    1
    1
    1
    1
    1
    1
    1
    1
    1
    1
    1
    1
    1
    1
    1
    1
    1
  113
   26
    1
    1
    1
  253
  231
  224
  146
  226
  247
  253
  253
  253
  254
   77
   86
   86
   86
   87
    1
    1
    1
    1
    1
    1
    1
    1
    1
    1
    1
    1
    1
    1
    1
    1
    1
    1
    1
    1
    1
    1
    1
    1
    1
    1
    1
    1
    1
    1
    1
  136
  253
  174
    1
    1
    8
  132
  253
  163
    1
    1
    8
  166
  254
    1
    1
    1
   49
  239
    1
    1
    1
    1
  115
    1
    1
    1
    1
    1
    1
    1
    1
    1
    1
  149
   13
    1
    1
    1
  253
  187
   72
    1
    1
  254
  254
  226
    1
    1
    1
    1
    1
    1
    1
    1
    1
    1
    1
    1
    1
    1
    1
    1
    1
    1
    1
    1
    1
    1
    1
    1
    1
    1
    1
    1
    1
    1
    1
    1
    1
    1
    1
    1
    1
    1
    1
    1
    1
    1
    1
    1
    1
    1
    1
    1
    1
    1
    1
    1
  147
  253
  253
  253
    1
  250
  253
  253
  129
    1
  253
  253
  200
   26
    1
   86
   86
   29
    1
    1
    1
    1
    1
    1
    1
  226
  253
  146
    1
    1
  179
  253
  234
   38
    1
   86
  253
  253
  142
    1
   30
  216
  253
  253
    1
   49
  230
  254
  254
    1
    1
    1
    1
    1
    1
   57
    1
    1
    1
    1
  168
    1
    1
    1
    1
  224
  131
    1
    1
    1
  254
  197
    1
    1
    1
    1
    1
    1
    1
    1
    1
    1
    1
    1
    1
    1
    1
    1
    1
    1
    1
    1
    1
    1
    1
    1
    1
    1
    1
    1
    1
    1
    1
    1
    1
    1
    1
    1
    1
    1
    1
    1
    1
    1
    1
    1
    1
    1
    1
    1
    1
    1
    1
    1
    1
    1
    1
    1
    1
    1
    1
    1
    1
    1
    1
    1
    1
    1
    1
    1
    1
    1
    1
    1
    1
    1
    1
    1
    1
    1
    1
    1
    1
    1
    1
    1
    1
    1
    1
    1
    1
    1
    1
    1
    1
    1
    1
    1
    1
    1
    1
    1
    1
    1
    1
    1
    1
    1
    1
    1
    1
    1
    1
    1
    1
    1
    1
    1
    1
    1
    1
    1
    1
    1
    1
    1
    1
    1
    1
    1
    1
    1
    1
    1
    1
    1
    1
    1
    1
    1
    1
    1
    1
    1
    1
    1
    1
    1
    1
    1
    1
    1
    1
    1
    1
    1
    1
    1
    1
    1
    1
    1
    1
    1
    1
    1
    1
    1
    1
    1
    1
    1
    1
    1
    1
    1
    1
    1
    1
    1
    1
    1
    1
    1
    1
    1
    1
    1
    1
    1
    1
    1
    1
    1
    1
    1
    1
    1
    1
    1
    1
    1
    1
    1
    1
