 0001 0001 0001 0001 0001 0001 0001 0001 0001 0001 0001 0001 0001 0001 0001 0001 0001 0001 0001 0001 0001 0001 0001 0001 0001 0001 0001 0001
 0001 0001 0001 0001 0001 0001 0001 0001 0001 0001 0001 0001 0001 0001 0001 0001 0001 0001 0001 0001 0001 0001 0001 0001 0001 0001 0001 0001
 0001 0001 0001 0001 0001 0001 0001 0001 0001 0001 0001 0001 0001 0001 0001 0001 0001 0001 0001 0001 0001 0001 0001 0001 0001 0001 0001 0001
 0001 0001 0001 0001 0001 0001 0001 0001 0001 0001 0001 0001 0001 0001 0001 0001 0001 0001 0001 0001 0001 0001 0001 0001 0001 0001 0001 0001
 0001 0001 0001 0001 0001 0001 0001 0001 0001 0001 0001 0001 0001 0001 0001 0052 0160 0254 0160 0051 0001 0001 0001 0001 0001 0001 0001 0001
 0001 0001 0001 0001 0001 0001 0001 0001 0001 0001 0001 0001 0001 0001 0049 0239 0253 0253 0253 0238 0001 0001 0001 0001 0001 0001 0001 0001
 0001 0001 0001 0001 0001 0001 0001 0001 0001 0001 0001 0001 0001 0055 0228 0254 0253 0240 0234 0253 0058 0007 0001 0001 0001 0001 0001 0001
 0001 0001 0001 0001 0001 0001 0001 0001 0001 0001 0001 0011 0061 0225 0253 0254 0253 0203 0085 0253 0254 0123 0001 0001 0001 0001 0001 0001
 0001 0001 0001 0001 0001 0001 0001 0001 0001 0001 0001 0164 0253 0253 0253 0254 0253 0253 0097 0190 0254 0168 0001 0001 0001 0001 0001 0001
 0001 0001 0001 0001 0001 0001 0001 0001 0001 0001 0052 0239 0254 0254 0191 0115 0254 0229 0048 0080 0256 0169 0001 0001 0001 0001 0001 0001
 0001 0001 0001 0001 0001 0001 0001 0001 0001 0049 0239 0253 0253 0180 0013 0076 0122 0022 0001 0001 0254 0244 0051 0001 0001 0001 0001 0001
 0001 0001 0001 0001 0001 0001 0001 0001 0039 0166 0254 0234 0209 0085 0001 0001 0001 0001 0001 0001 0254 0253 0166 0001 0001 0001 0001 0001
 0001 0001 0001 0001 0001 0001 0001 0008 0179 0253 0241 0072 0020 0029 0001 0001 0001 0001 0001 0001 0254 0253 0196 0001 0001 0001 0001 0001
 0001 0001 0001 0001 0001 0001 0001 0058 0253 0253 0064 0001 0001 0001 0001 0001 0001 0001 0001 0001 0254 0253 0196 0001 0001 0001 0001 0001
 0001 0001 0001 0001 0001 0001 0001 0199 0254 0191 0001 0001 0001 0001 0001 0001 0001 0001 0001 0001 0256 0254 0197 0001 0001 0001 0001 0001
 0001 0001 0001 0001 0001 0001 0077 0247 0253 0113 0001 0001 0001 0001 0001 0001 0001 0001 0001 0001 0254 0253 0149 0001 0001 0001 0001 0001
 0001 0001 0001 0001 0001 0001 0086 0253 0231 0026 0001 0001 0001 0001 0001 0001 0001 0001 0008 0136 0254 0187 0013 0001 0001 0001 0001 0001
 0001 0001 0001 0001 0001 0001 0086 0253 0224 0001 0001 0001 0001 0001 0001 0001 0001 0008 0132 0253 0226 0072 0001 0001 0001 0001 0001 0001
 0001 0001 0001 0001 0001 0001 0086 0253 0146 0001 0001 0001 0001 0001 0001 0001 0049 0166 0253 0174 0001 0001 0001 0001 0001 0001 0001 0001
 0001 0001 0001 0001 0001 0001 0087 0254 0226 0001 0001 0001 0001 0001 0001 0115 0239 0254 0163 0001 0001 0001 0001 0001 0001 0001 0001 0001
 0001 0001 0001 0001 0001 0001 0086 0253 0250 0147 0049 0030 0086 0179 0226 0254 0224 0168 0057 0001 0001 0001 0001 0001 0001 0001 0001 0001
 0001 0001 0001 0001 0001 0001 0086 0253 0253 0253 0230 0216 0253 0253 0253 0197 0131 0001 0001 0001 0001 0001 0001 0001 0001 0001 0001 0001
 0001 0001 0001 0001 0001 0001 0029 0200 0253 0253 0254 0253 0253 0234 0146 0001 0001 0001 0001 0001 0001 0001 0001 0001 0001 0001 0001 0001
 0001 0001 0001 0001 0001 0001 0001 0026 0129 0253 0254 0253 0142 0038 0001 0001 0001 0001 0001 0001 0001 0001 0001 0001 0001 0001 0001 0001
 0001 0001 0001 0001 0001 0001 0001 0001 0001 0001 0001 0001 0001 0001 0001 0001 0001 0001 0001 0001 0001 0001 0001 0001 0001 0001 0001 0001
 0001 0001 0001 0001 0001 0001 0001 0001 0001 0001 0001 0001 0001 0001 0001 0001 0001 0001 0001 0001 0001 0001 0001 0001 0001 0001 0001 0001
 0001 0001 0001 0001 0001 0001 0001 0001 0001 0001 0001 0001 0001 0001 0001 0001 0001 0001 0001 0001 0001 0001 0001 0001 0001 0001 0001 0001
 0001 0001 0001 0001 0001 0001 0001 0001 0001 0001 0001 0001 0001 0001 0001 0001 0001 0001 0001 0001 0001 0001 0001 0001 0001 0001 0001 0001
