    1
    1
    1
    1
    1
    1
    1
    1
    1
    1
    1
   52
  211
  464
  623
  673
  622
  463
  210
   51
    1
    1
    1
    1
    1
    1
    1
    1
    1
    1
    1
    1
    1
    1
   49
  338
  749
 1254
 1665
 1904
 1615
 1204
  699
  288
    1
    1
    1
    1
    1
    1
    1
    1
    1
    1
    1
    1
    1
   55
  330
  872
 1535
 2279
 2869
 3133
 2648
 1991
 1247
  603
   64
    7
    1
    1
    1
    1
    1
    1
    1
    1
    1
   11
   71
  349
  876
 1671
 2576
 3462
 3912
 4176
 3691
 2904
 1958
 1230
  439
  129
    1
    1
    1
    1
    1
    1
    1
    1
    1
  174
  486
 1016
 1795
 2843
 3837
 4723
 5017
 5218
 4733
 3861
 2663
 1839
  859
  296
    1
    1
    1
    1
    1
    1
    1
    1
   52
  463
 1028
 1811
 2780
 3840
 4690
 5298
 5227
 5267
 4974
 4176
 3003
 2291
 1282
  464
    1
    1
    1
    1
    1
    1
    1
   49
  338
 1001
 1818
 2780
 3665
 4324
 4791
 4916
 4414
 4253
 4376
 3952
 3060
 2600
 1828
  757
   51
    1
    1
    1
    1
    1
   39
  252
  794
 1690
 2715
 3669
 4162
 4315
 4297
 3975
 3210
 3024
 3596
 3670
 3182
 2955
 2435
 1168
  216
    1
    1
    1
    1
    8
  224
  689
 1471
 2428
 3405
 3985
 3974
 3634
 3303
 2820
 2167
 1981
 2806
 3262
 3171
 3028
 2760
 1493
  411
    1
    1
    1
    1
   65
  533
 1250
 2095
 2889
 3557
 3633
 3118
 2462
 2042
 1559
 1062
  939
 2017
 2810
 3166
 3119
 3040
 1773
  606
    1
    1
    1
    1
  263
  984
 1891
 2685
 3241
 3458
 3028
 2133
 1414
  979
  521
  230
  218
 1410
 2541
 3321
 3321
 3321
 2054
  802
    1
    1
    1
   77
  585
 1558
 2529
 3085
 3313
 3032
 2171
 1200
  644
  340
  113
    1
    1
 1268
 2529
 3428
 3428
 3428
 2161
  900
    1
    1
    1
  162
  922
 2087
 2918
 3221
 3131
 2390
 1253
  422
  119
   48
   29
    8
  143
 1410
 2605
 3351
 3344
 3209
 1942
  747
    1
    1
    1
  247
 1252
 2462
 3041
 3104
 2858
 1853
  643
   64
    1
    1
    8
  146
  533
 1772
 2786
 3330
 3192
 2805
 1566
  552
    1
    1
    1
  332
 1532
 2635
 2962
 2962
 2631
 1431
  328
    1
    1
   49
  221
  611
 1171
 2157
 2871
 3055
 2665
 2105
 1119
  357
    1
    1
    1
  418
 1673
 2748
 2885
 2885
 2468
 1213
  138
    1
  115
  401
  826
 1378
 1938
 2555
 2778
 2513
 1961
 1401
  670
  161
    1
    1
    1
  427
 1688
 2760
 2931
 2979
 2582
 1406
  512
  566
  885
 1365
 1872
 2302
 2637
 2748
 2496
 1916
 1308
  748
  270
   13
    1
    1
    1
  427
 1688
 2782
 3180
 3457
 3275
 2351
 1687
 1766
 2052
 2447
 2702
 2873
 2821
 2483
 1915
 1323
  722
  297
   72
    1
    1
    1
    1
  370
 1578
 2701
 3351
 3881
 4008
 3389
 2929
 2901
 2934
 3077
 3073
 2880
 2431
 1868
 1229
  644
  174
    1
    1
    1
    1
    1
    1
  285
 1266
 2372
 3274
 4057
 4521
 4270
 3864
 3584
 3364
 3207
 2897
 2415
 1793
 1230
  639
  219
    1
    1
    1
    1
    1
    1
    1
  199
  927
 1808
 2710
 3493
 4043
 4045
 3864
 3584
 3250
 2855
 2292
 1648
 1026
  577
  224
   57
    1
    1
    1
    1
    1
    1
    1
  114
  590
 1222
 1978
 2713
 3319
 3488
 3378
 3019
 2480
 1891
 1246
  724
  327
  131
    1
    1
    1
    1
    1
    1
    1
    1
    1
   29
  253
  633
 1137
 1643
 2119
 2288
 2178
 1819
 1313
  809
  416
  146
    1
    1
    1
    1
    1
    1
    1
    1
    1
    1
    1
    1
   26
  154
  406
  659
  911
 1027
  936
  684
  431
  179
   38
    1
    1
    1
    1
    1
    1
    1
    1
    1
    1
