 0001 0001 0001 0001 0001 0001 0001 0001 0001 0001 0001 0052 0211 0464 0623 0673 0622 0463 0210 0051 0001 0001 0001 0001
 0001 0001 0001 0001 0001 0001 0001 0001 0001 0001 0049 0338 0749 1254 1665 1904 1615 1204 0699 0288 0001 0001 0001 0001
 0001 0001 0001 0001 0001 0001 0001 0001 0001 0055 0330 0872 1535 2279 2869 3133 2648 1991 1247 0603 0064 0007 0001 0001
 0001 0001 0001 0001 0001 0001 0001 0011 0071 0349 0876 1671 2576 3462 3912 4176 3691 2904 1958 1230 0439 0129 0001 0001
 0001 0001 0001 0001 0001 0001 0001 0174 0486 1016 1795 2843 3837 4723 5017 5218 4733 3861 2663 1839 0859 0296 0001 0001
 0001 0001 0001 0001 0001 0001 0052 0463 1028 1811 2780 3840 4690 5298 5227 5267 4974 4176 3003 2291 1282 0464 0001 0001
 0001 0001 0001 0001 0001 0049 0338 1001 1818 2780 3665 4324 4791 4916 4414 4253 4376 3952 3060 2600 1828 0757 0051 0001
 0001 0001 0001 0001 0039 0252 0794 1690 2715 3669 4162 4315 4297 3975 3210 3024 3596 3670 3182 2955 2435 1168 0216 0001
 0001 0001 0001 0008 0224 0689 1471 2428 3405 3985 3974 3634 3303 2820 2167 1981 2806 3262 3171 3028 2760 1493 0411 0001
 0001 0001 0001 0065 0533 1250 2095 2889 3557 3633 3118 2462 2042 1559 1062 0939 2017 2810 3166 3119 3040 1773 0606 0001
 0001 0001 0001 0263 0984 1891 2685 3241 3458 3028 2133 1414 0979 0521 0230 0218 1410 2541 3321 3321 3321 2054 0802 0001
 0001 0001 0077 0585 1558 2529 3085 3313 3032 2171 1200 0644 0340 0113 0001 0001 1268 2529 3428 3428 3428 2161 0900 0001
 0001 0001 0162 0922 2087 2918 3221 3131 2390 1253 0422 0119 0048 0029 0008 0143 1410 2605 3351 3344 3209 1942 0747 0001
 0001 0001 0247 1252 2462 3041 3104 2858 1853 0643 0064 0001 0001 0008 0146 0533 1772 2786 3330 3192 2805 1566 0552 0001
 0001 0001 0332 1532 2635 2962 2962 2631 1431 0328 0001 0001 0049 0221 0611 1171 2157 2871 3055 2665 2105 1119 0357 0001
 0001 0001 0418 1673 2748 2885 2885 2468 1213 0138 0001 0115 0401 0826 1378 1938 2555 2778 2513 1961 1401 0670 0161 0001
 0001 0001 0427 1688 2760 2931 2979 2582 1406 0512 0566 0885 1365 1872 2302 2637 2748 2496 1916 1308 0748 0270 0013 0001
 0001 0001 0427 1688 2782 3180 3457 3275 2351 1687 1766 2052 2447 2702 2873 2821 2483 1915 1323 0722 0297 0072 0001 0001
 0001 0001 0370 1578 2701 3351 3881 4008 3389 2929 2901 2934 3077 3073 2880 2431 1868 1229 0644 0174 0001 0001 0001 0001
 0001 0001 0285 1266 2372 3274 4057 4521 4270 3864 3584 3364 3207 2897 2415 1793 1230 0639 0219 0001 0001 0001 0001 0001
 0001 0001 0199 0927 1808 2710 3493 4043 4045 3864 3584 3250 2855 2292 1648 1026 0577 0224 0057 0001 0001 0001 0001 0001
 0001 0001 0114 0590 1222 1978 2713 3319 3488 3378 3019 2480 1891 1246 0724 0327 0131 0001 0001 0001 0001 0001 0001 0001
 0001 0001 0029 0253 0633 1137 1643 2119 2288 2178 1819 1313 0809 0416 0146 0001 0001 0001 0001 0001 0001 0001 0001 0001
 0001 0001 0001 0026 0154 0406 0659 0911 1027 0936 0684 0431 0179 0038 0001 0001 0001 0001 0001 0001 0001 0001 0001 0001
