 0000 0000 0000 0000 0000 0000 0000 0000 0000 0000 0000 0000 0000 0000 0000 0000 0000 0000 0000 0000 0000 0000 0000 0000 0000 0000 0000 0000
 0000 0000 0000 0000 0000 0000 0000 0000 0000 0000 0000 0000 0000 0000 0000 0000 0000 0000 0000 0000 0000 0000 0000 0000 0000 0000 0000 0000
 0000 0000 0000 0000 0000 0000 0000 0000 0000 0000 0000 0000 0000 0000 0000 0000 0000 0000 0000 0000 0000 0000 0000 0000 0000 0000 0000 0000
 0000 0000 0000 0000 0000 0000 0000 0000 0000 0000 0000 0000 0000 0000 0000 0000 0000 0000 0000 0000 0000 0000 0000 0000 0000 0000 0000 0000
 0000 0000 0000 0000 0000 0000 0000 0000 0000 0000 0000 0000 0000 0000 0000 0051 0159 0253 0159 0050 0000 0000 0000 0000 0000 0000 0000 0000
 0000 0000 0000 0000 0000 0000 0000 0000 0000 0000 0000 0000 0000 0000 0048 0238 0252 0252 0252 0237 0000 0000 0000 0000 0000 0000 0000 0000
 0000 0000 0000 0000 0000 0000 0000 0000 0000 0000 0000 0000 0000 0054 0227 0253 0252 0239 0233 0252 0057 0006 0000 0000 0000 0000 0000 0000
 0000 0000 0000 0000 0000 0000 0000 0000 0000 0000 0000 0010 0060 0224 0252 0253 0252 0202 0084 0252 0253 0122 0000 0000 0000 0000 0000 0000
 0000 0000 0000 0000 0000 0000 0000 0000 0000 0000 0000 0163 0252 0252 0252 0253 0252 0252 0096 0189 0253 0167 0000 0000 0000 0000 0000 0000
 0000 0000 0000 0000 0000 0000 0000 0000 0000 0000 0051 0238 0253 0253 0190 0114 0253 0228 0047 0079 0255 0168 0000 0000 0000 0000 0000 0000
 0000 0000 0000 0000 0000 0000 0000 0000 0000 0048 0238 0252 0252 0179 0012 0075 0121 0021 0000 0000 0253 0243 0050 0000 0000 0000 0000 0000
 0000 0000 0000 0000 0000 0000 0000 0000 0038 0165 0253 0233 0208 0084 0000 0000 0000 0000 0000 0000 0253 0252 0165 0000 0000 0000 0000 0000
 0000 0000 0000 0000 0000 0000 0000 0007 0178 0252 0240 0071 0019 0028 0000 0000 0000 0000 0000 0000 0253 0252 0195 0000 0000 0000 0000 0000
 0000 0000 0000 0000 0000 0000 0000 0057 0252 0252 0063 0000 0000 0000 0000 0000 0000 0000 0000 0000 0253 0252 0195 0000 0000 0000 0000 0000
 0000 0000 0000 0000 0000 0000 0000 0198 0253 0190 0000 0000 0000 0000 0000 0000 0000 0000 0000 0000 0255 0253 0196 0000 0000 0000 0000 0000
 0000 0000 0000 0000 0000 0000 0076 0246 0252 0112 0000 0000 0000 0000 0000 0000 0000 0000 0000 0000 0253 0252 0148 0000 0000 0000 0000 0000
 0000 0000 0000 0000 0000 0000 0085 0252 0230 0025 0000 0000 0000 0000 0000 0000 0000 0000 0007 0135 0253 0186 0012 0000 0000 0000 0000 0000
 0000 0000 0000 0000 0000 0000 0085 0252 0223 0000 0000 0000 0000 0000 0000 0000 0000 0007 0131 0252 0225 0071 0000 0000 0000 0000 0000 0000
 0000 0000 0000 0000 0000 0000 0085 0252 0145 0000 0000 0000 0000 0000 0000 0000 0048 0165 0252 0173 0000 0000 0000 0000 0000 0000 0000 0000
 0000 0000 0000 0000 0000 0000 0086 0253 0225 0000 0000 0000 0000 0000 0000 0114 0238 0253 0162 0000 0000 0000 0000 0000 0000 0000 0000 0000
 0000 0000 0000 0000 0000 0000 0085 0252 0249 0146 0048 0029 0085 0178 0225 0253 0223 0167 0056 0000 0000 0000 0000 0000 0000 0000 0000 0000
 0000 0000 0000 0000 0000 0000 0085 0252 0252 0252 0229 0215 0252 0252 0252 0196 0130 0000 0000 0000 0000 0000 0000 0000 0000 0000 0000 0000
 0000 0000 0000 0000 0000 0000 0028 0199 0252 0252 0253 0252 0252 0233 0145 0000 0000 0000 0000 0000 0000 0000 0000 0000 0000 0000 0000 0000
 0000 0000 0000 0000 0000 0000 0000 0025 0128 0252 0253 0252 0141 0037 0000 0000 0000 0000 0000 0000 0000 0000 0000 0000 0000 0000 0000 0000
 0000 0000 0000 0000 0000 0000 0000 0000 0000 0000 0000 0000 0000 0000 0000 0000 0000 0000 0000 0000 0000 0000 0000 0000 0000 0000 0000 0000
 0000 0000 0000 0000 0000 0000 0000 0000 0000 0000 0000 0000 0000 0000 0000 0000 0000 0000 0000 0000 0000 0000 0000 0000 0000 0000 0000 0000
 0000 0000 0000 0000 0000 0000 0000 0000 0000 0000 0000 0000 0000 0000 0000 0000 0000 0000 0000 0000 0000 0000 0000 0000 0000 0000 0000 0000
 0000 0000 0000 0000 0000 0000 0000 0000 0000 0000 0000 0000 0000 0000 0000 0000 0000 0000 0000 0000 0000 0000 0000 0000 0000 0000 0000 0000
