    1
    1
    1
    1
    1
    1
    1
    1
    1
    1
    1
    1
    1
    1
    1
    1
    1
    1
    1
    1
    1
    1
    1
    1
    1
    1
    1
    1
    1
    1
    1
    1
    1
    1
    1
    1
    1
    1
    1
   52
  211
  464
  572
  463
  210
   51
    1
    1
    1
    1
    1
    1
    1
    1
    1
    1
    1
    1
    1
    1
    1
    1
    1
   55
  330
  872
 1481
 1950
 2052
 1928
 1241
  603
   64
    7
    1
    1
    1
    1
    1
    1
    1
    1
    1
    1
    1
    1
    1
  174
  486
 1016
 1574
 2021
 2247
 2209
 1863
 1800
 1670
 1552
  859
  296
    1
    1
    1
    1
    1
    1
    1
    1
    1
    1
    1
   49
  338
  991
 1700
 2095
 1896
 1581
 1523
 1570
 1271
  913
 1173
 1608
 1390
  629
   51
    1
    1
    1
    1
    1
    1
    1
    1
    8
  224
  689
 1413
 1753
 1767
 1327
  783
  379
  209
  218
  143
   22
  760
 1507
 1917
 1158
  411
    1
    1
    1
    1
    1
    1
    1
    1
  263
  946
 1640
 1681
 1069
  394
  119
   48
   29
    1
    1
    1
    1
  762
 1519
 2105
 1344
  587
    1
    1
    1
    1
    1
    1
    1
  162
  858
 1593
 1759
 1063
  328
    1
    1
    1
    1
    1
    1
    8
  143
  904
 1588
 1809
 1048
  357
    1
    1
    1
    1
    1
    1
    1
  256
 1012
 1610
 1380
  624
   26
    1
    1
    1
    1
   49
  221
  611
 1123
 1429
 1296
  748
  270
   13
    1
    1
    1
    1
    1
    1
    1
  257
 1014
 1633
 1523
  814
  224
  163
  293
  489
  771
 1102
 1462
 1565
 1229
  644
  174
    1
    1
    1
    1
    1
    1
    1
    1
    1
    1
  199
  902
 1655
 2107
 1934
 1677
 1616
 1749
 1875
 1735
 1425
  970
  577
  224
   57
    1
    1
    1
    1
    1
    1
    1
    1
    1
    1
    1
   29
  253
  633
 1109
 1391
 1515
 1404
 1168
  809
  416
  146
    1
    1
    1
    1
    1
    1
    1
    1
    1
    1
    1
    1
    1
    1
    1
    1
    1
    1
    1
    1
    1
    1
    1
    1
    1
    1
    1
    1
    1
    1
    1
    1
    1
    1
    1
    1
    1
