    1
    1
    1
    1
    1
    1
    1
    1
    1
    1
    1
    1
    1
    1
    1
    1
    1
    1
    1
    1
    1
    1
    1
    1
    1
    1
    1
    1
    1
    1
    1
    1
    1
    1
    1
    1
    1
    1
   49
  338
  749
 1206
 1328
 1204
  699
  288
    1
    1
    1
    1
    1
    1
    1
    1
    1
    1
    1
    1
    1
    1
    1
   11
   71
  349
  866
 1550
 2028
 2194
 2019
 2004
 1621
 1180
  439
  129
    1
    1
    1
    1
    1
    1
    1
    1
    1
    1
    1
    1
   52
  463
 1028
 1706
 1989
 2044
 2072
 2060
 1667
 1430
 1509
 1739
 1219
  458
    1
    1
    1
    1
    1
    1
    1
    1
    1
    1
   39
  252
  794
 1479
 1979
 1953
 1432
  908
  766
  813
  671
  376
  888
 1504
 1640
  879
  216
    1
    1
    1
    1
    1
    1
    1
    1
   65
  533
 1202
 1694
 1530
 1088
  644
  340
  113
    1
    1
    1
    1
  760
 1516
 2071
 1312
  556
    1
    1
    1
    1
    1
    1
    1
   77
  578
 1335
 1813
 1375
  618
   64
    1
    1
    1
    1
    1
    1
    1
  762
 1519
 2058
 1297
  540
    1
    1
    1
    1
    1
    1
    1
  247
  997
 1702
 1593
  843
  138
    1
    1
    1
    1
    1
    8
  146
  533
 1257
 1628
 1401
  670
  161
    1
    1
    1
    1
    1
    1
    1
  257
 1014
 1607
 1351
  594
    1
    1
    1
    1
  115
  401
  826
 1257
 1396
 1196
  722
  297
   72
    1
    1
    1
    1
    1
    1
    1
    1
  257
 1014
 1740
 1882
 1402
  920
  859
 1012
 1245
 1471
 1632
 1575
 1230
  639
  219
    1
    1
    1
    1
    1
    1
    1
    1
    1
    1
    1
  114
  590
 1222
 1865
 2124
 2211
 2100
 1887
 1565
 1116
  724
  327
  131
    1
    1
    1
    1
    1
    1
    1
    1
    1
    1
    1
    1
    1
    1
   26
  154
  406
  634
  758
  647
  431
  179
   38
    1
    1
    1
    1
    1
    1
    1
    1
    1
    1
    1
    1
    1
    1
    1
    1
    1
    1
    1
    1
    1
    1
    1
    1
    1
    1
    1
    1
    1
    1
    1
    1
    1
    1
    1
    1
    1
    1
