 0001 0001 0001 0001 0001 0001 0001 0001 0001 0001 0001 0001 0001 0001 0001 0001 0001 0001 0001 0001 0001 0001 0001 0001 0001 0001
 0001 0001 0001 0001 0001 0001 0001 0001 0001 0001 0001 0001 0001 0001 0001 0001 0001 0001 0001 0001 0001 0001 0001 0001 0001 0001
 0001 0001 0001 0001 0001 0001 0001 0001 0001 0001 0001 0001 0001 0052 0211 0464 0572 0463 0210 0051 0001 0001 0001 0001 0001 0001
 0001 0001 0001 0001 0001 0001 0001 0001 0001 0001 0001 0001 0049 0338 0749 1206 1328 1204 0699 0288 0001 0001 0001 0001 0001 0001
 0001 0001 0001 0001 0001 0001 0001 0001 0001 0001 0001 0055 0330 0872 1481 1950 2052 1928 1241 0603 0064 0007 0001 0001 0001 0001
 0001 0001 0001 0001 0001 0001 0001 0001 0001 0011 0071 0349 0866 1550 2028 2194 2019 2004 1621 1180 0439 0129 0001 0001 0001 0001
 0001 0001 0001 0001 0001 0001 0001 0001 0001 0174 0486 1016 1574 2021 2247 2209 1863 1800 1670 1552 0859 0296 0001 0001 0001 0001
 0001 0001 0001 0001 0001 0001 0001 0001 0052 0463 1028 1706 1989 2044 2072 2060 1667 1430 1509 1739 1219 0458 0001 0001 0001 0001
 0001 0001 0001 0001 0001 0001 0001 0049 0338 0991 1700 2095 1896 1581 1523 1570 1271 0913 1173 1608 1390 0629 0051 0001 0001 0001
 0001 0001 0001 0001 0001 0001 0039 0252 0794 1479 1979 1953 1432 0908 0766 0813 0671 0376 0888 1504 1640 0879 0216 0001 0001 0001
 0001 0001 0001 0001 0001 0008 0224 0689 1413 1753 1767 1327 0783 0379 0209 0218 0143 0022 0760 1507 1917 1158 0411 0001 0001 0001
 0001 0001 0001 0001 0001 0065 0533 1202 1694 1530 1088 0644 0340 0113 0001 0001 0001 0001 0760 1516 2071 1312 0556 0001 0001 0001
 0001 0001 0001 0001 0001 0263 0946 1640 1681 1069 0394 0119 0048 0029 0001 0001 0001 0001 0762 1519 2105 1344 0587 0001 0001 0001
 0001 0001 0001 0001 0077 0578 1335 1813 1375 0618 0064 0001 0001 0001 0001 0001 0001 0001 0762 1519 2058 1297 0540 0001 0001 0001
 0001 0001 0001 0001 0162 0858 1593 1759 1063 0328 0001 0001 0001 0001 0001 0001 0008 0143 0904 1588 1809 1048 0357 0001 0001 0001
 0001 0001 0001 0001 0247 0997 1702 1593 0843 0138 0001 0001 0001 0001 0001 0008 0146 0533 1257 1628 1401 0670 0161 0001 0001 0001
 0001 0001 0001 0001 0256 1012 1610 1380 0624 0026 0001 0001 0001 0001 0049 0221 0611 1123 1429 1296 0748 0270 0013 0001 0001 0001
 0001 0001 0001 0001 0257 1014 1607 1351 0594 0001 0001 0001 0001 0115 0401 0826 1257 1396 1196 0722 0297 0072 0001 0001 0001 0001
 0001 0001 0001 0001 0257 1014 1633 1523 0814 0224 0163 0293 0489 0771 1102 1462 1565 1229 0644 0174 0001 0001 0001 0001 0001 0001
 0001 0001 0001 0001 0257 1014 1740 1882 1402 0920 0859 1012 1245 1471 1632 1575 1230 0639 0219 0001 0001 0001 0001 0001 0001 0001
 0001 0001 0001 0001 0199 0902 1655 2107 1934 1677 1616 1749 1875 1735 1425 0970 0577 0224 0057 0001 0001 0001 0001 0001 0001 0001
 0001 0001 0001 0001 0114 0590 1222 1865 2124 2211 2100 1887 1565 1116 0724 0327 0131 0001 0001 0001 0001 0001 0001 0001 0001 0001
 0001 0001 0001 0001 0029 0253 0633 1109 1391 1515 1404 1168 0809 0416 0146 0001 0001 0001 0001 0001 0001 0001 0001 0001 0001 0001
 0001 0001 0001 0001 0001 0026 0154 0406 0634 0758 0647 0431 0179 0038 0001 0001 0001 0001 0001 0001 0001 0001 0001 0001 0001 0001
 0001 0001 0001 0001 0001 0001 0001 0001 0001 0001 0001 0001 0001 0001 0001 0001 0001 0001 0001 0001 0001 0001 0001 0001 0001 0001
 0001 0001 0001 0001 0001 0001 0001 0001 0001 0001 0001 0001 0001 0001 0001 0001 0001 0001 0001 0001 0001 0001 0001 0001 0001 0001
